MU = 0
SIGMA = 0
MUS = [
	-1.94441158e-17,
	-2.07466827e-16,
	-6.26742372e-18,
	1.79338932e-19,
	7.09804614e-18,
	9.23123554e-18,
]
SIGMAS = [
	[
		1.00000133, 
		0.4878316,
		-0.00247547,
		-0.00412757,
		-0.24490266,
		-0.26584776,
	],
	[
		0.4878316,
		1.00000133,
		-0.00212154,
		-0.00438301,
		-0.25067646,
		-0.19306424,
	],
	[
		-0.00247547,
		-0.00212154,
		1.00000133,
		0.1912427,
		-0.01111871,
		-0.0107348,
	],
	[
		-0.00412757,
		-0.00438301,
		0.1912427,
		1.00000133,
		-0.00195359,
		-0.00290502,
	],
	[
		-0.24490266,
		-0.25067646,
		-0.01111871,
		-0.00195359,
		1.00000133,
		0.35563932,
	],
	[
		-0.26584776,
		-0.19306424,
		-0.0107348,
		-0.00290502,
		0.35563932,
		1.00000133,
	],
]
SCALER_MUS = [
	3.5434692067655664,
	2.817430869331877,
	1.4326325549760754,
	1.3996681642228428,
	5.280388884721533,
	5.362069063704834,
]
SCALER_SIGMAS = [
	6.02471166576313,
	5.50009675574053,
	67.13315638506003,
	69.77463397633515,
	6.4498689934253814,
	6.604940778259221
]
EPSILON = 1e-13
ADDRESS_REGEX = r"^(0x)?[0-9a-f]{40}$"